EpIntrinsicRew/step,EpLenMean,EpRew/step,EpThisIter,EpTotalRewMean,EpisodesSoFar,MaxIntrinsicRew,TimeElapsed,TimestepsSoFar,entloss,entropy,ev_tdlam_before,meankl,optimgain,surrgain
1.8396243976293138,170.66666666666666,-7.074496569780512,6,-367.3895346552211,6,10.312539,126.72273206710815,1024,0.0,1.6087446,-0.0007708072662353516,0.00071598677,0.014820226,0.014820226
2.456964268617674,136.53333333333333,-6.721796532813412,9,-456.4563064078024,15,11.575517,251.30029964447021,2048,0.0,1.6078705,-2.5272369384765625e-05,0.0007153172,0.011172213,0.011172213
2.757885744274427,128.0,-7.07126916664439,9,-477.9703255588829,24,11.203649,384.0465567111969,3072,0.0,1.6069632,0.0005821585655212402,0.00071530166,0.01281089,0.01281089
1.99822339084746,113.77777777777777,-8.31167619106238,12,-514.2350530192683,36,2.0303571,511.0862944126129,4096,0.0,1.6057804,0.0005895495414733887,0.00072469434,0.01283045,0.01283045
1.4404774644746472,95.75,-8.75041517486215,13,-550.4137771353126,49,1.7788193,641.9320363998413,5120,0.0,1.6060038,-0.0005952119827270508,0.0006981239,0.0119993985,0.0119993985
1.0279774464774873,102.4,-8.84030619901608,6,-553.1358744740486,55,2.1920762,769.086258649826,6144,0.0,1.6024492,-0.0004112720489501953,0.0007694981,0.013734739,0.013734739
0.3253110524895102,91.75,-9.85859514606512,14,-563.2233102606842,69,1.3562988,900.7063362598419,7168,0.0,1.6003894,8.279085159301758e-05,0.0007506623,0.012171108,0.012171108
0.27060463599317286,100.725,-9.292654290367043,8,-551.5034077514895,77,1.2770816,1030.2959458827972,8192,0.0,1.6000354,-0.0012999773025512695,0.0007672247,0.012222741,0.012222741
0.22935248686126525,106.65,-9.411744556760874,8,-508.8802397561725,85,1.5267031,1160.0874636173248,9216,0.0,1.5996534,-9.894371032714844e-05,0.000647966,0.011834528,0.011834528
0.20365850821980228,106.6,-8.767125298551424,8,-508.5908136485144,93,0.592291,1292.9585032463074,10240,0.0,1.596504,0.000325620174407959,0.0006709214,0.010274451,0.010274451
0.15935539494083742,107.05,-7.906223099709322,13,-509.7212608688045,106,0.7615036,1424.6313531398773,11264,0.0,1.5984088,-0.000619053840637207,0.0007188979,0.010764882,0.010764882
0.15032260128111638,119.275,-7.263305359809356,5,-484.44160487968475,111,0.49800095,1558.0879967212677,12288,0.0,1.5998206,-0.0006450414657592773,0.0006860265,0.012730347,0.012730347
0.13008296769918978,125.7,-7.0685336867128,7,-456.63713645930403,118,0.61063397,1689.920487165451,13312,0.0,1.6002492,-0.0010265111923217773,0.0007086436,0.012364496,0.012364496
0.10986501146872714,128.0,-6.408596022194098,7,-471.37533810046153,125,0.49952635,1823.0956630706787,14336,0.0,1.5952061,-0.0003159046173095703,0.0007544404,0.012610242,0.012610242
0.10459438623556858,144.475,-5.791994626970157,4,-432.5290295162064,129,0.5044638,1955.572796344757,15360,0.0,1.5950334,0.001082003116607666,0.00088093657,0.009648014,0.009648014
0.09290702656461156,142.375,-6.072282038524579,9,-416.1126609915984,138,0.3862404,2091.44460105896,16384,0.0,1.5967563,0.000657498836517334,0.0006891581,0.011747779,0.011747779
0.08570890827526453,158.625,-5.443868617393864,5,-391.89316585038324,143,0.5629994,2225.6833696365356,17408,0.0,1.5899602,5.650520324707031e-05,0.00073591236,0.0107863955,0.0107863955
0.08115576289433753,153.6,-6.733578783588882,8,-435.2262958441512,151,0.55270785,2360.846402168274,18432,0.0,1.5854548,0.0003179311752319336,0.00074931124,0.01009105,0.01009105
0.07633658843531473,152.3,-8.130254729354785,8,-419.4822266049334,159,0.3978082,2498.6888189315796,19456,0.0,1.5911888,-0.0012290477752685547,0.0007257991,0.011733109,0.011733109
0.07130420513133424,135.15,-9.605755372071545,9,-429.09761553586577,168,0.34752053,2634.058657646179,20480,0.0,1.5899427,-0.00013053417205810547,0.0007049789,0.0098141655,0.0098141655
0.06614016130123149,138.85,-9.259051689983036,7,-430.6199755103095,175,0.29388136,2773.2520360946655,21504,0.0,1.5820186,0.0007141828536987305,0.00072394864,0.012226528,0.012226528
0.06017356555797977,128.0,-9.610443912209622,8,-441.7393478127313,183,0.5229568,2909.9526472091675,22528,0.0,1.5804243,-0.0007544755935668945,0.0007736844,0.010980846,0.010980846
0.055300051491358485,128.0,-8.729799092979167,8,-441.60188358624,191,0.37048683,3047.2221641540527,23552,0.0,1.581809,-0.0005258321762084961,0.0007847613,0.011972493,0.011972493
0.15270132131063147,129.425,-7.0109309933829635,6,-457.5960023666965,197,4.117453,3188.398688316345,24576,0.0,1.5663038,0.0025513768196105957,0.0008757489,0.010104384,0.010104384
0.16469987957096915,137.025,-7.404649024427687,7,-444.22165643185144,204,1.2224966,3327.354121685028,25600,0.0,1.5795115,-0.002005338668823242,0.0008652945,0.013471462,0.013471462
0.16210396847706732,146.25,-6.225584232596667,6,-448.5292841910617,210,0.43203872,3466.544939994812,26624,0.0,1.5802485,-0.0003879070281982422,0.000753353,0.010777861,0.010777861
0.1598257650484699,138.45,-6.453096080042518,9,-475.8207923980546,219,0.26294935,3609.070393562317,27648,0.0,1.5677572,-0.0008853673934936523,0.00078436505,0.011795428,0.011795428
0.15650540633630322,152.4,-5.840110960383217,5,-466.4386535235797,224,0.3719888,3748.9109737873077,28672,0.0,1.5823753,-0.0008023977279663086,0.000846345,0.012057517,0.012057517
0.152367197361244,146.1,-6.642626113810377,8,-463.39487301579067,232,0.20566665,3889.7738304138184,29696,0.0,1.5729651,-0.000529170036315918,0.0007409591,0.011793813,0.011793813
0.03381370626753496,143.6,-6.946886678525125,8,-447.91113650378395,240,0.42705056,4033.3996727466583,30720,0.0,1.5796199,-0.0005741119384765625,0.0007731761,0.012281582,0.012281582
0.03141217305118062,135.475,-6.90707081736282,8,-444.43681282974865,248,0.14202632,4175.377757549286,31744,0.0,1.5640069,-0.00010025501251220703,0.00077672093,0.009966212,0.009966212
0.029922065837445545,137.1,-6.809683409061153,7,-414.62872200754794,255,0.290028,4318.048072099686,32768,0.0,1.5741992,-0.0004901885986328125,0.0008017988,0.012479963,0.012479963
0.03026462932757763,141.45,-6.9133063986131305,7,-401.29090467651696,262,0.41756892,4464.279878139496,33792,0.0,1.5786587,-0.0013099908828735352,0.0007285863,0.013359508,0.013359508
0.02810841983389792,132.9,-7.064947542452487,7,-413.127008317865,269,0.20927885,4607.599913358688,34816,0.0,1.5746084,-0.0005298852920532227,0.0007371706,0.013003759,0.013003759
0.026322821929347283,134.475,-6.717791774913982,8,-443.6302952479688,277,0.12988015,4751.591714859009,35840,0.0,1.5649459,-0.00040721893310546875,0.0007879276,0.01331051,0.01331051
0.030959012073092762,148.55,-5.943033764991148,6,-434.266764623225,283,0.36937836,4896.499522924423,36864,0.0,1.5558455,0.0008415579795837402,0.0008256039,0.013988849,0.013988849
0.030182229332480826,153.6,-6.2133844945454175,5,-451.46937023603385,288,0.110192,5044.105374097824,37888,0.0,1.5661367,-0.0006518363952636719,0.00080573815,0.010014594,0.010014594
0.02837898472061936,153.625,-5.97775564140509,6,-435.9161923371212,294,0.17342725,5188.621547937393,38912,0.0,1.5685449,-0.0006053447723388672,0.0007799148,0.012415387,0.012415387
0.026266629008469634,165.725,-5.922336141946568,5,-439.68631881610054,299,0.18129535,5333.471465110779,39936,0.0,1.5590183,0.00016564130783081055,0.00079137424,0.011104766,0.011104766
0.025670167451404248,168.575,-5.267195379926408,6,-441.2302239303899,305,0.16005528,5478.599426269531,40960,0.0,1.5575018,-0.0003165006637573242,0.0007903816,0.010844406,0.010844406
0.02473342512707883,162.25,-5.843878811301122,10,-423.11782678740127,315,0.117522694,5627.843411445618,41984,0.0,1.5625011,-0.0004124641418457031,0.0008365854,0.012090124,0.012090124
0.024570576319919414,159.925,-6.0991296028588335,6,-391.4050095799816,321,0.14992815,5774.331633090973,43008,0.0,1.540729,-0.00046432018280029297,0.0008015656,0.013923295,0.013923295
0.01862419467848786,161.0,-5.711011851521303,6,-391.63485024468685,327,0.21411481,5921.933924913406,44032,0.0,1.5625335,-0.00011646747589111328,0.0007472796,0.011073383,0.011073383
0.020051817463922168,152.75,-6.5053029699190486,8,-403.8238761312067,335,0.4905037,6072.631520986557,45056,0.0,1.566899,-0.0015336275100708008,0.0007401946,0.014045653,0.014045653
0.0229793728391949,139.275,-7.332623856712549,8,-399.0599754583993,343,0.66101575,6221.3677616119385,46080,0.0,1.4822955,0.01178276538848877,0.00088718184,0.013114549,0.013114549
0.022984464833346097,133.95,-7.351053590415782,7,-425.9458344334504,350,0.10056356,6370.375769138336,47104,0.0,1.5505445,-0.0005023479461669922,0.0008539418,0.011888348,0.011888348
0.021595758823002117,153.6,-6.25832959716733,5,-403.8781197590521,355,0.09364675,6522.138655900955,48128,0.0,1.5371498,-0.00012254714965820312,0.0007593711,0.011773232,0.011773232
0.020475711197383818,147.025,-6.6652080163749385,7,-416.77399453005347,362,0.16807485,6673.027091264725,49152,0.0,1.5530037,-0.0005853176116943359,0.00080081326,0.012258483,0.012258483
