EpIntrinsicRew/step,EpLenMean,EpRew/step,EpThisIter,EpTotalRewMean,EpisodesSoFar,MaxIntrinsicRew,TimeElapsed,TimestepsSoFar,entloss,entropy,ev_tdlam_before,meankl,optimgain,surrgain
2.6783909099327374,113.77777777777777,-7.781016763406364,9,-579.9724331508494,9,10.5021105,112.30366826057434,1024,0.0,1.6087397,0.00019854307174682617,0.0006991873,0.010581762,0.010581762
2.968485374471562,113.77777777777777,-8.52312775817381,9,-513.4362847283483,18,10.56612,222.4442322254181,2048,0.0,1.6079472,-8.928775787353516e-05,0.00066293305,0.010565601,0.010565601
2.461154333928449,105.93103448275862,-8.871473283246853,11,-539.9038070394689,29,12.395455,338.4289186000824,3072,0.0,1.6064649,0.0005370974540710449,0.0007066924,0.01277256,0.01277256
2.0553146313102095,107.78947368421052,-8.9217450663698,9,-549.7211176503548,38,2.8160148,449.8451144695282,4096,0.0,1.6044487,-0.00037479400634765625,0.00069567346,0.010897942,0.010897942
1.144318627210834,88.975,-9.50702632744033,16,-561.36335153291,54,2.19053,563.0668783187866,5120,0.0,1.6045176,-0.00017821788787841797,0.0006793581,0.012149818,0.012149818
0.5862200651910334,89.95,-8.990759092197688,9,-576.6958627069369,63,1.7509124,675.7743244171143,6144,0.0,1.6032083,3.147125244140625e-05,0.0007027171,0.012896471,0.012896471
0.5305237447525577,101.625,-8.577115977000215,7,-550.9974820982665,70,2.7786367,790.6913239955902,7168,0.0,1.6020397,0.0007979273796081543,0.00072979956,0.009898502,0.009898502
0.42453245432090814,96.25,-8.650235688945703,11,-548.0310184146277,81,2.5381913,904.7476444244385,8192,0.0,1.5993097,-0.0001742839813232422,0.00076266855,0.012256619,0.012256619
0.36235318636199043,108.375,-7.136972682187223,10,-522.99348087674,91,1.5670153,1019.776802778244,9216,0.0,1.5975608,-0.0004036426544189453,0.00074286613,0.011127964,0.011127964
0.3098772971011221,111.325,-7.48183371163951,10,-524.2230449124705,101,1.0170946,1134.5167474746704,10240,0.0,1.5962646,-6.771087646484375e-05,0.0008194054,0.012940802,0.012940802
0.2561116638637789,100.75,-7.68083884558574,10,-565.4362248099642,111,0.9039954,1251.2000541687012,11264,0.0,1.5925068,-0.00049591064453125,0.0008105814,0.013016557,0.013016557
0.2099608253893896,102.4,-7.795088131199975,10,-550.8711558678187,121,1.4368545,1367.1698939800262,12288,0.0,1.590815,-0.0006701946258544922,0.00078356115,0.010623101,0.010623101
0.19013532072086545,103.2,-8.203562121141678,9,-520.968269336145,130,0.8844556,1484.1948935985565,13312,0.0,1.5887233,-0.0004725456237792969,0.00080214546,0.01209049,0.01209049
0.18437777955655235,103.275,-8.420470404346464,10,-521.3711129087635,140,0.8753163,1601.62571144104,14336,0.0,1.5901482,-0.00015819072723388672,0.0007420506,0.011838675,0.011838675
0.16979535812487453,102.625,-9.048572553636449,10,-505.7481562893052,150,0.8663326,1734.7264075279236,15360,0.0,1.5889151,-0.00018167495727539062,0.0007456102,0.011408787,0.011408787
0.16291615621705424,107.05,-8.857711566445932,7,-507.7511046744097,157,0.96530867,1866.8593516349792,16384,0.0,1.5859234,-0.0005776882171630859,0.00079274096,0.013103984,0.013103984
0.15569617259045546,126.85,-7.7405760849076914,5,-485.5481192252511,162,0.66024417,2004.2296245098114,17408,0.0,1.5915464,4.0531158447265625e-06,0.0008445054,0.008732509,0.008732509
0.15018382591826396,128.0,-7.597421802652508,8,-485.96883263135095,170,1.1581557,2139.426955461502,18432,0.0,1.5849844,-0.00042450428009033203,0.00079019414,0.012937888,0.012937888
0.13764865567673043,134.15,-7.211441028790089,6,-458.37984688546277,176,0.79941005,2277.481875896454,19456,0.0,1.5755429,-3.2067298889160156e-05,0.0007870705,0.010604344,0.010604344
0.11960108294818794,148.6,-5.480574501384137,7,-433.7539333216497,183,0.6444152,2413.063139438629,20480,0.0,1.5821342,-0.0005475282669067383,0.0008146787,0.0115459,0.0115459
0.11056601900483606,153.6,-5.2316154602514775,7,-451.3945750651066,190,0.70319206,2549.8061439990997,21504,0.0,1.5727125,-0.0006124973297119141,0.000896701,0.011827923,0.011827923
0.10496169513646166,154.6,-5.120983035657773,6,-421.561427067047,196,0.79827243,2689.4011492729187,22528,0.0,1.5742381,-0.0004457235336303711,0.0007718626,0.010260478,0.010260478
0.10381967619800729,151.675,-5.710226759159975,7,-450.5227826664821,203,0.6040807,2827.602205514908,23552,0.0,1.5769044,-0.00018596649169921875,0.0007472131,0.012015036,0.012015036
0.09911580070373154,153.6,-5.2889582070292915,7,-451.13814715058686,210,0.80277586,2965.376697063446,24576,0.0,1.573014,-0.0004876852035522461,0.0007724329,0.011943457,0.011943457
0.09377105080925918,146.1,-5.731224761312058,7,-462.8633457607924,217,0.5114004,3107.1560859680176,25600,0.0,1.5813472,-0.0005066394805908203,0.0008376017,0.014776685,0.014776685
0.08955034518350594,137.725,-6.040067438472212,11,-474.35635695875243,228,0.48665163,3247.060712337494,26624,0.0,1.5747455,-8.928775787353516e-05,0.00081723445,0.012591943,0.012591943
0.08490225808991243,121.65,-7.18736225246889,10,-498.03010451587323,238,0.4436799,3389.8407485485077,27648,0.0,1.571746,5.0961971282958984e-05,0.0008074036,0.012364063,0.012364063
0.08057136253035992,110.325,-7.689226545123939,8,-523.4347843238007,246,0.57741827,3530.395949602127,28672,0.0,1.5745195,-7.62939453125e-05,0.00088809116,0.012416638,0.012416638
0.07697497838671527,117.125,-7.509459367689549,7,-526.2354342509847,253,0.40538338,3671.633462667465,29696,0.0,1.5738527,0.00010097026824951172,0.0007903207,0.010631174,0.010631174
0.07773854450334165,123.65,-7.016478606629599,6,-513.1204261711798,259,0.4979013,3816.0049896240234,30720,0.0,1.5698775,-0.0002357959747314453,0.00078648905,0.01059318,0.01059318
0.07106818257696668,134.025,-6.526803050917562,5,-487.3491487544379,264,0.3231526,3957.9159808158875,31744,0.0,1.5598822,-0.0004578828811645508,0.000846402,0.011502439,0.011502439
0.06811777222554734,143.2,-6.5688141394860535,8,-491.2344138820539,272,0.35396352,4100.176589727402,32768,0.0,1.5564418,-0.000867009162902832,0.00081151025,0.011303887,0.011303887
0.06362249231588728,151.95,-6.149398236273193,7,-479.9610288836877,279,0.4308938,4242.80718421936,33792,0.0,1.5578268,-0.00018703937530517578,0.00080049137,0.0135161765,0.0135161765
0.062251925359696314,167.05,-5.063018040130899,4,-425.51010535297684,283,0.28411412,4387.8404545784,34816,0.0,1.5454714,-0.023903369903564453,0.0007987957,0.011472985,0.011472985
0.05728057581169958,164.9,-5.990143113589177,8,-409.7725957298302,291,0.40359348,4531.030950546265,35840,0.0,1.5530097,-0.0006772279739379883,0.0007433608,0.011422619,0.011422619
0.05285916923824992,153.6,-6.894729082575594,8,-435.03148666064953,299,0.22591756,4675.199800729752,36864,0.0,1.5621876,-8.296966552734375e-05,0.0007792865,0.009848535,0.009848535
0.05430467466186206,148.1,-7.400407693651,8,-447.93340629010925,307,0.23823501,4822.674924612045,37888,0.0,1.5545106,-0.00012564659118652344,0.00084931054,0.013097275,0.013097275
0.05339638938175195,137.3,-7.749407362179734,8,-474.0836465455359,315,0.19579746,4968.055318593979,38912,0.0,1.5648962,-0.00022900104522705078,0.00077215873,0.0114654,0.0114654
0.05128593615558972,119.7,-8.451944367009483,10,-526.4637142396066,325,0.4045698,5117.035380363464,39936,0.0,1.5646913,-0.0008014440536499023,0.0008441003,0.0130067,0.0130067
0.049869010671383225,120.025,-7.7297102993013365,9,-526.6650518716488,334,0.28355724,5264.311596393585,40960,0.0,1.5571374,-0.00017249584197998047,0.0008315866,0.011892227,0.011892227
0.04657358077633388,121.575,-7.534882043523192,8,-526.8574119127429,342,0.20475096,5411.425534725189,41984,0.0,1.5457487,-0.000491023063659668,0.0007843863,0.011107679,0.011107679
0.057650001090712985,125.675,-6.943723175891243,6,-497.14012456317005,348,2.326034,5561.642953634262,43008,0.0,1.5416648,0.007363080978393555,0.00087574444,0.0142659955,0.0142659955
0.06798766413455523,138.475,-6.089158463942684,4,-440.9544028201323,352,1.7976712,5710.051957607269,44032,0.0,1.5514437,0.214796245098114,0.00084891345,0.01103325,0.01103325
0.07433260707108232,146.2,-5.548769842848046,7,-414.6235662782049,359,0.7607278,5859.027642965317,45056,0.0,1.5579612,-0.0029082298278808594,0.0009016845,0.011395821,0.011395821
0.07231975541548323,154.2,-4.8419801711246695,5,-387.3284663239677,364,0.17141163,6008.113703489304,46080,0.0,1.5497437,-0.00020623207092285156,0.00075955625,0.011240862,0.011240862
0.06907860463156339,169.475,-4.105329806833349,6,-363.05260260441946,370,0.16618027,6161.175704956055,47104,0.0,1.5440682,-6.592273712158203e-05,0.00083888136,0.010228246,0.010228246
0.06781910409479844,159.65,-4.6821428492793045,11,-389.7072851101636,381,0.20815079,6312.307382106781,48128,0.0,1.5490112,3.3974647521972656e-06,0.0008405954,0.013888143,0.013888143
0.05417039635460304,153.6,-5.1978876532995875,7,-418.54952264402164,388,0.1845849,6463.3072237968445,49152,0.0,1.5436065,-0.00022423267364501953,0.00085694727,0.012922721,0.012922721
0.03255184647089284,144.65,-5.635714394547401,6,-445.7473550836468,394,0.1992523,6617.720264673233,50176,0.0,1.535234,-0.0001919269561767578,0.0008946654,0.01132465,0.01132465
0.031402905944876006,157.275,-4.9949347390441705,4,-404.9363734276878,398,0.14196366,6768.652545928955,51200,0.0,1.5452969,-0.007241487503051758,0.0008169024,0.012051139,0.012051139
0.03123646447238194,157.7,-4.951203277209919,5,-405.4712715472473,403,0.28559172,6919.981135368347,52224,0.0,1.5403514,5.841255187988281e-06,0.0008278379,0.01228656,0.01228656
0.031725338379612986,165.725,-4.738509962446125,4,-393.30471230184776,407,0.22404067,7071.674791812897,53248,0.0,1.5367389,-0.0011556148529052734,0.00085578876,0.014509276,0.014509276
0.031152266461009805,171.3,-4.656672544792783,7,-380.64931185169263,414,0.19066505,7225.040793418884,54272,0.0,1.5553786,-0.0001169443130493164,0.00072571804,0.011217607,0.011217607
0.03621509441160122,179.2,-4.320546960408011,7,-352.37132512032696,421,0.46196362,7381.160672664642,55296,0.0,1.51664,0.009499013423919678,0.00086700293,0.012390915,0.012390915
0.03386257132354599,181.525,-3.9142851011105906,6,-323.609085392658,427,0.18730342,7534.477159023285,56320,0.0,1.5375383,-0.00012981891632080078,0.00087231287,0.011602267,0.011602267
0.0328055276579911,179.2,-4.109707669486738,7,-353.10327349805596,434,0.13456637,7688.884423017502,57344,0.0,1.5299616,-9.322166442871094e-05,0.00090656686,0.012160771,0.012160771
0.032185600381564664,157.55,-5.6609475347058344,8,-404.55389753847703,442,0.15960495,7846.400079488754,58368,0.0,1.5247544,-0.00019061565399169922,0.0008488002,0.012552673,0.012552673
0.03092381385057887,160.375,-5.6500946999611745,4,-405.55972219380635,446,0.19460537,8001.492715120316,59392,0.0,1.5257618,-7.724761962890625e-05,0.00082589395,0.0120925605,0.0120925605
0.030496262625443173,163.35,-5.2102354779011435,4,-392.03868892538446,450,0.21855898,8157.438994884491,60416,0.0,1.5345994,-0.005204439163208008,0.00082642084,0.013864584,0.013864584
0.0292653190630211,179.2,-4.780378898908966,4,-367.4320269270669,454,0.13690345,8314.125968456268,61440,0.0,1.5357977,-2.002716064453125e-05,0.0008557709,0.0082357,0.0082357
